DWL	PLU
PLU	1	0		3	1,0	0,0	0,0	0	0	0	0	0	0	1	感染性废物	C11F							0	0	0	0	0	0	0	0	0	0	0	0	0,0	0,0	0	0	0,0	0,0	0,0	0	0	0,0	0,0	0,0	0	0	0,0	0,0	0,0	0	0	0,0	0,0	0,0	0	0	0	0,0	0	0
PLU	2	0		3	1,0	0,0	0,0	0	0	0	0	0	0	1	病理性废物	C11F							0	0	0	0	0	0	0	0	0	0	0	0	0,0	0,0	0	0	0,0	0,0	0,0	0	0	0,0	0,0	0,0	0	0	0,0	0,0	0,0	0	0	0,0	0,0	0,0	0	0	0	0,0	0	0
PLU	3	0		3	1,0	0,0	0,0	0	0	0	0	0	0	1	损失性废物	C11F							0	0	0	0	0	0	0	0	0	0	0	0	0,0	0,0	0	0	0,0	0,0	0,0	0	0	0,0	0,0	0,0	0	0	0,0	0,0	0,0	0	0	0,0	0,0	0,0	0	0	0	0,0	0	0
PLU	4	0		3	1,0	0,0	0,0	0	0	0	0	0	0	1	药物性废物	C11F							0	0	0	0	0	0	0	0	0	0	0	0	0,0	0,0	0	0	0,0	0,0	0,0	0	0	0,0	0,0	0,0	0	0	0,0	0,0	0,0	0	0	0,0	0,0	0,0	0	0	0	0,0	0	0
PLU	5	0		3	1,0	0,0	0,0	0	0	0	0	0	0	1	化学性废物	C11F							0	0	0	0	0	0	0	0	0	0	0	0	0,0	0,0	0	0	0,0	0,0	0,0	0	0	0,0	0,0	0,0	0	0	0,0	0,0	0,0	0	0	0,0	0,0	0,0	0	0	0	0,0	0	0
PLU	6	0		3	2,0	0,0	0,0	0	0	0	0	0	0	2	感染性废物	C9F							0	0	0	0	0	0	0	0	0	0	0	0	0,0	0,0	0	0	0,0	0,0	0,0	0	0	0,0	0,0	0,0	0	0	0,0	0,0	0,0	0	0	0,0	0,0	0,0	0	0	0	0,0	0	0
PLU	7	0		3	2,0	0,0	0,0	0	0	0	0	0	0	2	病理性废物	C9F							0	0	0	0	0	0	0	0	0	0	0	0	0,0	0,0	0	0	0,0	0,0	0,0	0	0	0,0	0,0	0,0	0	0	0,0	0,0	0,0	0	0	0,0	0,0	0,0	0	0	0	0,0	0	0
PLU	8	0		3	2,0	0,0	0,0	0	0	0	0	0	0	2	损失性废物	C9F							0	0	0	0	0	0	0	0	0	0	0	0	0,0	0,0	0	0	0,0	0,0	0,0	0	0	0,0	0,0	0,0	0	0	0,0	0,0	0,0	0	0	0,0	0,0	0,0	0	0	0	0,0	0	0
PLU	9	0		3	2,0	0,0	0,0	0	0	0	0	0	0	2	药物性废物	C9F							0	0	0	0	0	0	0	0	0	0	0	0	0,0	0,0	0	0	0,0	0,0	0,0	0	0	0,0	0,0	0,0	0	0	0,0	0,0	0,0	0	0	0,0	0,0	0,0	0	0	0	0,0	0	0
PLU	10	0		3	2,0	0,0	0,0	0	0	0	0	0	0	2	化学性废物	C9F							0	0	0	0	0	0	0	0	0	0	0	0	0,0	0,0	0	0	0,0	0,0	0,0	0	0	0,0	0,0	0,0	0	0	0,0	0,0	0,0	0	0	0,0	0,0	0,0	0	0	0	0,0	0	0
PLU	11	0		3	3,0	0,0	0,0	0	0	0	0	0	0	3	感染性废物	C8F							0	0	0	0	0	0	0	0	0	0	0	0	0,0	0,0	0	0	0,0	0,0	0,0	0	0	0,0	0,0	0,0	0	0	0,0	0,0	0,0	0	0	0,0	0,0	0,0	0	0	0	0,0	0	0
PLU	12	0		3	3,0	0,0	0,0	0	0	0	0	0	0	3	病理性废物	C8F							0	0	0	0	0	0	0	0	0	0	0	0	0,0	0,0	0	0	0,0	0,0	0,0	0	0	0,0	0,0	0,0	0	0	0,0	0,0	0,0	0	0	0,0	0,0	0,0	0	0	0	0,0	0	0
PLU	13	0		3	3,0	0,0	0,0	0	0	0	0	0	0	3	损失性废物	C8F							0	0	0	0	0	0	0	0	0	0	0	0	0,0	0,0	0	0	0,0	0,0	0,0	0	0	0,0	0,0	0,0	0	0	0,0	0,0	0,0	0	0	0,0	0,0	0,0	0	0	0	0,0	0	0
PLU	14	0		3	3,0	0,0	0,0	0	0	0	0	0	0	3	药物性废物	C8F							0	0	0	0	0	0	0	0	0	0	0	0	0,0	0,0	0	0	0,0	0,0	0,0	0	0	0,0	0,0	0,0	0	0	0,0	0,0	0,0	0	0	0,0	0,0	0,0	0	0	0	0,0	0	0
PLU	15	0		3	3,0	0,0	0,0	0	0	0	0	0	0	3	化学性废物	C8F							0	0	0	0	0	0	0	0	0	0	0	0	0,0	0,0	0	0	0,0	0,0	0,0	0	0	0,0	0,0	0,0	0	0	0,0	0,0	0,0	0	0	0,0	0,0	0,0	0	0	0	0,0	0	0
PLU	16	0		3	4,0	0,0	0,0	0	0	0	0	0	0	4	感染性废物	C7F							0	0	0	0	0	0	0	0	0	0	0	0	0,0	0,0	0	0	0,0	0,0	0,0	0	0	0,0	0,0	0,0	0	0	0,0	0,0	0,0	0	0	0,0	0,0	0,0	0	0	0	0,0	0	0
PLU	17	0		3	4,0	0,0	0,0	0	0	0	0	0	0	4	病理性废物	C7F							0	0	0	0	0	0	0	0	0	0	0	0	0,0	0,0	0	0	0,0	0,0	0,0	0	0	0,0	0,0	0,0	0	0	0,0	0,0	0,0	0	0	0,0	0,0	0,0	0	0	0	0,0	0	0
PLU	18	0		3	4,0	0,0	0,0	0	0	0	0	0	0	4	损失性废物	C7F							0	0	0	0	0	0	0	0	0	0	0	0	0,0	0,0	0	0	0,0	0,0	0,0	0	0	0,0	0,0	0,0	0	0	0,0	0,0	0,0	0	0	0,0	0,0	0,0	0	0	0	0,0	0	0
PLU	19	0		3	4,0	0,0	0,0	0	0	0	0	0	0	4	药物性废物	C7F							0	0	0	0	0	0	0	0	0	0	0	0	0,0	0,0	0	0	0,0	0,0	0,0	0	0	0,0	0,0	0,0	0	0	0,0	0,0	0,0	0	0	0,0	0,0	0,0	0	0	0	0,0	0	0
PLU	20	0		3	4,0	0,0	0,0	0	0	0	0	0	0	4	化学性废物	C7F							0	0	0	0	0	0	0	0	0	0	0	0	0,0	0,0	0	0	0,0	0,0	0,0	0	0	0,0	0,0	0,0	0	0	0,0	0,0	0,0	0	0	0,0	0,0	0,0	0	0	0	0,0	0	0
PLU	21	0		3	5,0	0,0	0,0	0	0	0	0	0	0	5	感染性废物	C6F							0	0	0	0	0	0	0	0	0	0	0	0	0,0	0,0	0	0	0,0	0,0	0,0	0	0	0,0	0,0	0,0	0	0	0,0	0,0	0,0	0	0	0,0	0,0	0,0	0	0	0	0,0	0	0
PLU	22	0		3	5,0	0,0	0,0	0	0	0	0	0	0	5	病理性废物	C6F							0	0	0	0	0	0	0	0	0	0	0	0	0,0	0,0	0	0	0,0	0,0	0,0	0	0	0,0	0,0	0,0	0	0	0,0	0,0	0,0	0	0	0,0	0,0	0,0	0	0	0	0,0	0	0
PLU	23	0		3	5,0	0,0	0,0	0	0	0	0	0	0	5	损失性废物	C6F							0	0	0	0	0	0	0	0	0	0	0	0	0,0	0,0	0	0	0,0	0,0	0,0	0	0	0,0	0,0	0,0	0	0	0,0	0,0	0,0	0	0	0,0	0,0	0,0	0	0	0	0,0	0	0
PLU	24	0		3	5,0	0,0	0,0	0	0	0	0	0	0	5	药物性废物	C6F							0	0	0	0	0	0	0	0	0	0	0	0	0,0	0,0	0	0	0,0	0,0	0,0	0	0	0,0	0,0	0,0	0	0	0,0	0,0	0,0	0	0	0,0	0,0	0,0	0	0	0	0,0	0	0
PLU	25	0		3	5,0	0,0	0,0	0	0	0	0	0	0	5	化学性废物	C6F							0	0	0	0	0	0	0	0	0	0	0	0	0,0	0,0	0	0	0,0	0,0	0,0	0	0	0,0	0,0	0,0	0	0	0,0	0,0	0,0	0	0	0,0	0,0	0,0	0	0	0	0,0	0	0
PLU	26	0		3	7,0	0,0	0,0	0	0	0	0	0	0	6	感染性废物	C5F							0	0	0	0	0	0	0	0	0	0	0	0	0,0	0,0	0	0	0,0	0,0	0,0	0	0	0,0	0,0	0,0	0	0	0,0	0,0	0,0	0	0	0,0	0,0	0,0	0	0	0	0,0	0	0
PLU	27	0		3	7,0	0,0	0,0	0	0	0	0	0	0	6	病理性废物	C5F							0	0	0	0	0	0	0	0	0	0	0	0	0,0	0,0	0	0	0,0	0,0	0,0	0	0	0,0	0,0	0,0	0	0	0,0	0,0	0,0	0	0	0,0	0,0	0,0	0	0	0	0,0	0	0
PLU	28	0		3	7,0	0,0	0,0	0	0	0	0	0	0	6	损失性废物	C5F							0	0	0	0	0	0	0	0	0	0	0	0	0,0	0,0	0	0	0,0	0,0	0,0	0	0	0,0	0,0	0,0	0	0	0,0	0,0	0,0	0	0	0,0	0,0	0,0	0	0	0	0,0	0	0
PLU	29	0		3	7,0	0,0	0,0	0	0	0	0	0	0	6	药物性废物	C5F							0	0	0	0	0	0	0	0	0	0	0	0	0,0	0,0	0	0	0,0	0,0	0,0	0	0	0,0	0,0	0,0	0	0	0,0	0,0	0,0	0	0	0,0	0,0	0,0	0	0	0	0,0	0	0
PLU	30	0		3	7,0	0,0	0,0	0	0	0	0	0	0	6	化学性废物	C5F							0	0	0	0	0	0	0	0	0	0	0	0	0,0	0,0	0	0	0,0	0,0	0,0	0	0	0,0	0,0	0,0	0	0	0,0	0,0	0,0	0	0	0,0	0,0	0,0	0	0	0	0,0	0	0
PLU	31	0		3	8,0	0,0	0,0	0	0	0	0	0	0	7	感染性废物	检验科							0	0	0	0	0	0	0	0	0	0	0	0	0,0	0,0	0	0	0,0	0,0	0,0	0	0	0,0	0,0	0,0	0	0	0,0	0,0	0,0	0	0	0,0	0,0	0,0	0	0	0	0,0	0	0
PLU	32	0		3	8,0	0,0	0,0	0	0	0	0	0	0	7	病理性废物	检验科							0	0	0	0	0	0	0	0	0	0	0	0	0,0	0,0	0	0	0,0	0,0	0,0	0	0	0,0	0,0	0,0	0	0	0,0	0,0	0,0	0	0	0,0	0,0	0,0	0	0	0	0,0	0	0
PLU	33	0		3	8,0	0,0	0,0	0	0	0	0	0	0	7	损失性废物	检验科							0	0	0	0	0	0	0	0	0	0	0	0	0,0	0,0	0	0	0,0	0,0	0,0	0	0	0,0	0,0	0,0	0	0	0,0	0,0	0,0	0	0	0,0	0,0	0,0	0	0	0	0,0	0	0
PLU	34	0		3	8,0	0,0	0,0	0	0	0	0	0	0	7	药物性废物	检验科							0	0	0	0	0	0	0	0	0	0	0	0	0,0	0,0	0	0	0,0	0,0	0,0	0	0	0,0	0,0	0,0	0	0	0,0	0,0	0,0	0	0	0,0	0,0	0,0	0	0	0	0,0	0	0
PLU	35	0		3	8,0	0,0	0,0	0	0	0	0	0	0	7	化学性废物	检验科							0	0	0	0	0	0	0	0	0	0	0	0	0,0	0,0	0	0	0,0	0,0	0,0	0	0	0,0	0,0	0,0	0	0	0,0	0,0	0,0	0	0	0,0	0,0	0,0	0	0	0	0,0	0	0
PLU	36	0		3	9,0	0,0	0,0	0	0	0	0	0	0	8	感染性废物	病理科							0	0	0	0	0	0	0	0	0	0	0	0	0,0	0,0	0	0	0,0	0,0	0,0	0	0	0,0	0,0	0,0	0	0	0,0	0,0	0,0	0	0	0,0	0,0	0,0	0	0	0	0,0	0	0
PLU	37	0		3	9,0	0,0	0,0	0	0	0	0	0	0	8	病理性废物	病理科							0	0	0	0	0	0	0	0	0	0	0	0	0,0	0,0	0	0	0,0	0,0	0,0	0	0	0,0	0,0	0,0	0	0	0,0	0,0	0,0	0	0	0,0	0,0	0,0	0	0	0	0,0	0	0
PLU	38	0		3	9,0	0,0	0,0	0	0	0	0	0	0	8	损失性废物	病理科							0	0	0	0	0	0	0	0	0	0	0	0	0,0	0,0	0	0	0,0	0,0	0,0	0	0	0,0	0,0	0,0	0	0	0,0	0,0	0,0	0	0	0,0	0,0	0,0	0	0	0	0,0	0	0
PLU	39	0		3	9,0	0,0	0,0	0	0	0	0	0	0	8	药物性废物	病理科							0	0	0	0	0	0	0	0	0	0	0	0	0,0	0,0	0	0	0,0	0,0	0,0	0	0	0,0	0,0	0,0	0	0	0,0	0,0	0,0	0	0	0,0	0,0	0,0	0	0	0	0,0	0	0
PLU	40	0		3	9,0	0,0	0,0	0	0	0	0	0	0	8	化学性废物	病理科							0	0	0	0	0	0	0	0	0	0	0	0	0,0	0,0	0	0	0,0	0,0	0,0	0	0	0,0	0,0	0,0	0	0	0,0	0,0	0,0	0	0	0,0	0,0	0,0	0	0	0	0,0	0	0
PLU	41	0		3	10,0	0,0	0,0	0	0	0	0	0	0	9	感染性废物	C3手术室							0	0	0	0	0	0	0	0	0	0	0	0	0,0	0,0	0	0	0,0	0,0	0,0	0	0	0,0	0,0	0,0	0	0	0,0	0,0	0,0	0	0	0,0	0,0	0,0	0	0	0	0,0	0	0
PLU	42	0		3	10,0	0,0	0,0	0	0	0	0	0	0	9	病理性废物	C3手术室							0	0	0	0	0	0	0	0	0	0	0	0	0,0	0,0	0	0	0,0	0,0	0,0	0	0	0,0	0,0	0,0	0	0	0,0	0,0	0,0	0	0	0,0	0,0	0,0	0	0	0	0,0	0	0
PLU	43	0		3	10,0	0,0	0,0	0	0	0	0	0	0	9	损失性废物	C3手术室							0	0	0	0	0	0	0	0	0	0	0	0	0,0	0,0	0	0	0,0	0,0	0,0	0	0	0,0	0,0	0,0	0	0	0,0	0,0	0,0	0	0	0,0	0,0	0,0	0	0	0	0,0	0	0
PLU	44	0		3	10,0	0,0	0,0	0	0	0	0	0	0	9	药物性废物	C3手术室							0	0	0	0	0	0	0	0	0	0	0	0	0,0	0,0	0	0	0,0	0,0	0,0	0	0	0,0	0,0	0,0	0	0	0,0	0,0	0,0	0	0	0,0	0,0	0,0	0	0	0	0,0	0	0
PLU	45	0		3	10,0	0,0	0,0	0	0	0	0	0	0	9	化学性废物	C3手术室							0	0	0	0	0	0	0	0	0	0	0	0	0,0	0,0	0	0	0,0	0,0	0,0	0	0	0,0	0,0	0,0	0	0	0,0	0,0	0,0	0	0	0,0	0,0	0,0	0	0	0	0,0	0	0
PLU	46	0		3	11,0	0,0	0,0	0	0	0	0	0	0	10	感染性废物	静配中心							0	0	0	0	0	0	0	0	0	0	0	0	0,0	0,0	0	0	0,0	0,0	0,0	0	0	0,0	0,0	0,0	0	0	0,0	0,0	0,0	0	0	0,0	0,0	0,0	0	0	0	0,0	0	0
PLU	47	0		3	11,0	0,0	0,0	0	0	0	0	0	0	10	病理性废物	静配中心							0	0	0	0	0	0	0	0	0	0	0	0	0,0	0,0	0	0	0,0	0,0	0,0	0	0	0,0	0,0	0,0	0	0	0,0	0,0	0,0	0	0	0,0	0,0	0,0	0	0	0	0,0	0	0
PLU	48	0		3	11,0	0,0	0,0	0	0	0	0	0	0	10	损失性废物	静配中心							0	0	0	0	0	0	0	0	0	0	0	0	0,0	0,0	0	0	0,0	0,0	0,0	0	0	0,0	0,0	0,0	0	0	0,0	0,0	0,0	0	0	0,0	0,0	0,0	0	0	0	0,0	0	0
PLU	49	0		3	11,0	0,0	0,0	0	0	0	0	0	0	10	药物性废物	静配中心							0	0	0	0	0	0	0	0	0	0	0	0	0,0	0,0	0	0	0,0	0,0	0,0	0	0	0,0	0,0	0,0	0	0	0,0	0,0	0,0	0	0	0,0	0,0	0,0	0	0	0	0,0	0	0
PLU	50	0		3	11,0	0,0	0,0	0	0	0	0	0	0	10	化学性废物	静配中心							0	0	0	0	0	0	0	0	0	0	0	0	0,0	0,0	0	0	0,0	0,0	0,0	0	0	0,0	0,0	0,0	0	0	0,0	0,0	0,0	0	0	0,0	0,0	0,0	0	0	0	0,0	0	0
PLU	51	0		3	12,0	0,0	0,0	0	0	0	0	0	0	11	感染性废物	产前诊断							0	0	0	0	0	0	0	0	0	0	0	0	0,0	0,0	0	0	0,0	0,0	0,0	0	0	0,0	0,0	0,0	0	0	0,0	0,0	0,0	0	0	0,0	0,0	0,0	0	0	0	0,0	0	0
PLU	52	0		3	12,0	0,0	0,0	0	0	0	0	0	0	11	病理性废物	产前诊断							0	0	0	0	0	0	0	0	0	0	0	0	0,0	0,0	0	0	0,0	0,0	0,0	0	0	0,0	0,0	0,0	0	0	0,0	0,0	0,0	0	0	0,0	0,0	0,0	0	0	0	0,0	0	0
PLU	53	0		3	12,0	0,0	0,0	0	0	0	0	0	0	11	损失性废物	产前诊断							0	0	0	0	0	0	0	0	0	0	0	0	0,0	0,0	0	0	0,0	0,0	0,0	0	0	0,0	0,0	0,0	0	0	0,0	0,0	0,0	0	0	0,0	0,0	0,0	0	0	0	0,0	0	0
PLU	54	0		3	12,0	0,0	0,0	0	0	0	0	0	0	11	药物性废物	产前诊断							0	0	0	0	0	0	0	0	0	0	0	0	0,0	0,0	0	0	0,0	0,0	0,0	0	0	0,0	0,0	0,0	0	0	0,0	0,0	0,0	0	0	0,0	0,0	0,0	0	0	0	0,0	0	0
PLU	55	0		3	12,0	0,0	0,0	0	0	0	0	0	0	11	化学性废物	产前诊断							0	0	0	0	0	0	0	0	0	0	0	0	0,0	0,0	0	0	0,0	0,0	0,0	0	0	0,0	0,0	0,0	0	0	0,0	0,0	0,0	0	0	0,0	0,0	0,0	0	0	0	0,0	0	0
PLU	56	0		3	13,0	0,0	0,0	0	0	0	0	0	0	12	感染性废物	IVF							0	0	0	0	0	0	0	0	0	0	0	0	0,0	0,0	0	0	0,0	0,0	0,0	0	0	0,0	0,0	0,0	0	0	0,0	0,0	0,0	0	0	0,0	0,0	0,0	0	0	0	0,0	0	0
PLU	57	0		3	13,0	0,0	0,0	0	0	0	0	0	0	12	病理性废物	IVF							0	0	0	0	0	0	0	0	0	0	0	0	0,0	0,0	0	0	0,0	0,0	0,0	0	0	0,0	0,0	0,0	0	0	0,0	0,0	0,0	0	0	0,0	0,0	0,0	0	0	0	0,0	0	0
PLU	58	0		3	13,0	0,0	0,0	0	0	0	0	0	0	12	损失性废物	IVF							0	0	0	0	0	0	0	0	0	0	0	0	0,0	0,0	0	0	0,0	0,0	0,0	0	0	0,0	0,0	0,0	0	0	0,0	0,0	0,0	0	0	0,0	0,0	0,0	0	0	0	0,0	0	0
PLU	59	0		3	13,0	0,0	0,0	0	0	0	0	0	0	12	药物性废物	IVF							0	0	0	0	0	0	0	0	0	0	0	0	0,0	0,0	0	0	0,0	0,0	0,0	0	0	0,0	0,0	0,0	0	0	0,0	0,0	0,0	0	0	0,0	0,0	0,0	0	0	0	0,0	0	0
PLU	60	0		3	13,0	0,0	0,0	0	0	0	0	0	0	12	化学性废物	IVF							0	0	0	0	0	0	0	0	0	0	0	0	0,0	0,0	0	0	0,0	0,0	0,0	0	0	0,0	0,0	0,0	0	0	0,0	0,0	0,0	0	0	0,0	0,0	0,0	0	0	0	0,0	0	0
PLU	61	0		3	14,0	0,0	0,0	0	0	0	0	0	0	13	感染性废物	计生手术室							0	0	0	0	0	0	0	0	0	0	0	0	0,0	0,0	0	0	0,0	0,0	0,0	0	0	0,0	0,0	0,0	0	0	0,0	0,0	0,0	0	0	0,0	0,0	0,0	0	0	0	0,0	0	0
PLU	62	0		3	14,0	0,0	0,0	0	0	0	0	0	0	13	病理性废物	计生手术室							0	0	0	0	0	0	0	0	0	0	0	0	0,0	0,0	0	0	0,0	0,0	0,0	0	0	0,0	0,0	0,0	0	0	0,0	0,0	0,0	0	0	0,0	0,0	0,0	0	0	0	0,0	0	0
PLU	63	0		3	14,0	0,0	0,0	0	0	0	0	0	0	13	损失性废物	计生手术室							0	0	0	0	0	0	0	0	0	0	0	0	0,0	0,0	0	0	0,0	0,0	0,0	0	0	0,0	0,0	0,0	0	0	0,0	0,0	0,0	0	0	0,0	0,0	0,0	0	0	0	0,0	0	0
PLU	64	0		3	14,0	0,0	0,0	0	0	0	0	0	0	13	药物性废物	计生手术室							0	0	0	0	0	0	0	0	0	0	0	0	0,0	0,0	0	0	0,0	0,0	0,0	0	0	0,0	0,0	0,0	0	0	0,0	0,0	0,0	0	0	0,0	0,0	0,0	0	0	0	0,0	0	0
PLU	65	0		3	14,0	0,0	0,0	0	0	0	0	0	0	13	化学性废物	计生手术室							0	0	0	0	0	0	0	0	0	0	0	0	0,0	0,0	0	0	0,0	0,0	0,0	0	0	0,0	0,0	0,0	0	0	0,0	0,0	0,0	0	0	0,0	0,0	0,0	0	0	0	0,0	0	0
PLU	66	0		3	15,0	0,0	0,0	0	0	0	0	0	0	14	感染性废物	美容中心							0	0	0	0	0	0	0	0	0	0	0	0	0,0	0,0	0	0	0,0	0,0	0,0	0	0	0,0	0,0	0,0	0	0	0,0	0,0	0,0	0	0	0,0	0,0	0,0	0	0	0	0,0	0	0
PLU	67	0		3	15,0	0,0	0,0	0	0	0	0	0	0	14	病理性废物	美容中心							0	0	0	0	0	0	0	0	0	0	0	0	0,0	0,0	0	0	0,0	0,0	0,0	0	0	0,0	0,0	0,0	0	0	0,0	0,0	0,0	0	0	0,0	0,0	0,0	0	0	0	0,0	0	0
PLU	68	0		3	15,0	0,0	0,0	0	0	0	0	0	0	14	损失性废物	美容中心							0	0	0	0	0	0	0	0	0	0	0	0	0,0	0,0	0	0	0,0	0,0	0,0	0	0	0,0	0,0	0,0	0	0	0,0	0,0	0,0	0	0	0,0	0,0	0,0	0	0	0	0,0	0	0
PLU	69	0		3	15,0	0,0	0,0	0	0	0	0	0	0	14	药物性废物	美容中心							0	0	0	0	0	0	0	0	0	0	0	0	0,0	0,0	0	0	0,0	0,0	0,0	0	0	0,0	0,0	0,0	0	0	0,0	0,0	0,0	0	0	0,0	0,0	0,0	0	0	0	0,0	0	0
PLU	70	0		3	15,0	0,0	0,0	0	0	0	0	0	0	14	化学性废物	美容中心							0	0	0	0	0	0	0	0	0	0	0	0	0,0	0,0	0	0	0,0	0,0	0,0	0	0	0,0	0,0	0,0	0	0	0,0	0,0	0,0	0	0	0,0	0,0	0,0	0	0	0	0,0	0	0
PLU	71	0		3	16,0	0,0	0,0	0	0	0	0	0	0	15	感染性废物	乳房门诊							0	0	0	0	0	0	0	0	0	0	0	0	0,0	0,0	0	0	0,0	0,0	0,0	0	0	0,0	0,0	0,0	0	0	0,0	0,0	0,0	0	0	0,0	0,0	0,0	0	0	0	0,0	0	0
PLU	72	0		3	16,0	0,0	0,0	0	0	0	0	0	0	15	病理性废物	乳房门诊							0	0	0	0	0	0	0	0	0	0	0	0	0,0	0,0	0	0	0,0	0,0	0,0	0	0	0,0	0,0	0,0	0	0	0,0	0,0	0,0	0	0	0,0	0,0	0,0	0	0	0	0,0	0	0
PLU	73	0		3	16,0	0,0	0,0	0	0	0	0	0	0	15	损失性废物	乳房门诊							0	0	0	0	0	0	0	0	0	0	0	0	0,0	0,0	0	0	0,0	0,0	0,0	0	0	0,0	0,0	0,0	0	0	0,0	0,0	0,0	0	0	0,0	0,0	0,0	0	0	0	0,0	0	0
PLU	74	0		3	16,0	0,0	0,0	0	0	0	0	0	0	15	药物性废物	乳房门诊							0	0	0	0	0	0	0	0	0	0	0	0	0,0	0,0	0	0	0,0	0,0	0,0	0	0	0,0	0,0	0,0	0	0	0,0	0,0	0,0	0	0	0,0	0,0	0,0	0	0	0	0,0	0	0
PLU	75	0		3	16,0	0,0	0,0	0	0	0	0	0	0	15	化学性废物	乳房门诊							0	0	0	0	0	0	0	0	0	0	0	0	0,0	0,0	0	0	0,0	0,0	0,0	0	0	0,0	0,0	0,0	0	0	0,0	0,0	0,0	0	0	0,0	0,0	0,0	0	0	0	0,0	0	0
PLU	76	0		3	17,0	0,0	0,0	0	0	0	0	0	0	16	感染性废物	专家门诊							0	0	0	0	0	0	0	0	0	0	0	0	0,0	0,0	0	0	0,0	0,0	0,0	0	0	0,0	0,0	0,0	0	0	0,0	0,0	0,0	0	0	0,0	0,0	0,0	0	0	0	0,0	0	0
PLU	77	0		3	17,0	0,0	0,0	0	0	0	0	0	0	16	病理性废物	专家门诊							0	0	0	0	0	0	0	0	0	0	0	0	0,0	0,0	0	0	0,0	0,0	0,0	0	0	0,0	0,0	0,0	0	0	0,0	0,0	0,0	0	0	0,0	0,0	0,0	0	0	0	0,0	0	0
PLU	78	0		3	17,0	0,0	0,0	0	0	0	0	0	0	16	损失性废物	专家门诊							0	0	0	0	0	0	0	0	0	0	0	0	0,0	0,0	0	0	0,0	0,0	0,0	0	0	0,0	0,0	0,0	0	0	0,0	0,0	0,0	0	0	0,0	0,0	0,0	0	0	0	0,0	0	0
PLU	79	0		3	17,0	0,0	0,0	0	0	0	0	0	0	16	药物性废物	专家门诊							0	0	0	0	0	0	0	0	0	0	0	0	0,0	0,0	0	0	0,0	0,0	0,0	0	0	0,0	0,0	0,0	0	0	0,0	0,0	0,0	0	0	0,0	0,0	0,0	0	0	0	0,0	0	0
PLU	80	0		3	17,0	0,0	0,0	0	0	0	0	0	0	16	化学性废物	专家门诊							0	0	0	0	0	0	0	0	0	0	0	0	0,0	0,0	0	0	0,0	0,0	0,0	0	0	0,0	0,0	0,0	0	0	0,0	0,0	0,0	0	0	0,0	0,0	0,0	0	0	0	0,0	0	0
PLU	81	0		3	18,0	0,0	0,0	0	0	0	0	0	0	17	感染性废物	儿保门诊							0	0	0	0	0	0	0	0	0	0	0	0	0,0	0,0	0	0	0,0	0,0	0,0	0	0	0,0	0,0	0,0	0	0	0,0	0,0	0,0	0	0	0,0	0,0	0,0	0	0	0	0,0	0	0
PLU	82	0		3	18,0	0,0	0,0	0	0	0	0	0	0	17	病理性废物	儿保门诊							0	0	0	0	0	0	0	0	0	0	0	0	0,0	0,0	0	0	0,0	0,0	0,0	0	0	0,0	0,0	0,0	0	0	0,0	0,0	0,0	0	0	0,0	0,0	0,0	0	0	0	0,0	0	0
PLU	83	0		3	18,0	0,0	0,0	0	0	0	0	0	0	17	损失性废物	儿保门诊							0	0	0	0	0	0	0	0	0	0	0	0	0,0	0,0	0	0	0,0	0,0	0,0	0	0	0,0	0,0	0,0	0	0	0,0	0,0	0,0	0	0	0,0	0,0	0,0	0	0	0	0,0	0	0
PLU	84	0		3	18,0	0,0	0,0	0	0	0	0	0	0	17	药物性废物	儿保门诊							0	0	0	0	0	0	0	0	0	0	0	0	0,0	0,0	0	0	0,0	0,0	0,0	0	0	0,0	0,0	0,0	0	0	0,0	0,0	0,0	0	0	0,0	0,0	0,0	0	0	0	0,0	0	0
PLU	85	0		3	18,0	0,0	0,0	0	0	0	0	0	0	17	化学性废物	儿保门诊							0	0	0	0	0	0	0	0	0	0	0	0	0,0	0,0	0	0	0,0	0,0	0,0	0	0	0,0	0,0	0,0	0	0	0,0	0,0	0,0	0	0	0,0	0,0	0,0	0	0	0	0,0	0	0
END	PLU
