DWL	REP
REP	16	7	15	9	58	48	1	1	0	578128045	722828800	5555,2	5555,2	0,2
RES	1	5555,2	9999998	0	0	0,2	1,0	2	0	0,2	5555,2	5555,2	临时计数
REE
REP	16	7	15	9	58	55	2	2	0	578128045	722828800	693,2	693,2	0,2
RES	1	693,2	9999998	0	0	0,2	1,0	2	0	0,2	693,2	693,2	临时计数
REE
REP	16	7	15	9	59	3	3	3	0	578128045	722828800	6000,2	6000,2	0,2
RES	1	6000,2	1	1	1	0,2	5,0	32	0	0,2	1200,2	1200,2	甜椒
REE
REP	16	7	15	10	20	28	4	4	0	578128045	722828800	255,2	255,2	0,2
RES	1	255,2	9999998	0	0	0,2	1,0	2	0	0,2	255,2	255,2	临时计数
REE
REP	16	7	15	10	20	49	5	5	0	578128045	722828800	555,2	555,2	0,2
RES	1	555,2	9999998	0	0	0,2	1,0	2	0	0,2	555,2	555,2	临时计数
REE
REP	16	7	15	10	20	58	6	6	0	578128045	722828800	6000,2	6000,2	0,2
RES	1	6000,2	1	1	1	0,2	5,0	32	0	0,2	1200,2	1200,2	甜椒
REE
REP	16	7	15	16	28	37	7	7	0	578128045	722828800	33,2	33,2	0,2
RES	1	33,2	9999998	0	0	0,2	1,0	2	0	0,2	33,2	33,2	临时计数
REE
REP	16	7	15	17	15	50	8	8	0	578128045	722828800	333,2	333,2	0,2
RES	1	333,2	9999998	0	0	0,2	1,0	2	0	0,2	333,2	333,2	临时计数
REE
REP	16	7	15	17	17	50	9	9	0	578128045	722828800	3,2	3,2	0,2
RES	1	3,2	9999998	0	0	0,2	1,0	2	0	0,2	3,2	3,2	临时计数
REE
REP	16	7	24	14	38	11	10	10	0	578128045	722828800	1200,2	1200,2	0,2
RES	1	1200,2	1	1	1	0,2	1,0	32	0	0,2	1200,2	1200,2	甜椒
REE
REP	16	7	24	14	58	31	11	11	0	578128045	722828800	1200,2	1200,2	0,2
RES	1	1200,2	1	1	1	0,2	1,0	32	0	0,2	1200,2	1200,2	甜椒
REE
REP	16	7	24	14	58	35	12	12	0	578128045	722828800	1200,2	1200,2	0,2
RES	1	1200,2	1	1	1	0,2	1,0	32	0	0,2	1200,2	1200,2	甜椒
REE
REP	16	7	24	14	59	14	13	13	0	578128045	722828800	1200,2	1200,2	0,2
RES	1	1200,2	1	1	1	0,2	1,0	32	0	0,2	1200,2	1200,2	甜椒
REE
REP	16	7	27	16	16	54	14	14	0	578128045	722828800	33,2	33,2	0,2
RES	1	33,2	9999998	0	0	0,2	1,0	2	0	0,2	33,2	33,2	临时计数
REE
REP	16	7	28	11	18	5	15	15	0	578128045	722828800	1200,2	1200,2	0,2
RES	1	1200,2	1	1	1	0,2	1,0	32	0	0,2	1200,2	1200,2	甜椒
REE
REP	16	7	29	13	40	20	16	16	0	578127513	146884096	1200,2	1200,2	0,2
RES	1	1200,2	1	1	1	0,2	1,0	32	0	0,2	1200,2	1200,2	甜椒
REE
REP	16	7	29	13	40	39	17	17	0	578127513	146884096	1200,2	1200,2	0,2
RES	1	1200,2	1	1	1	0,2	1,0	32	0	0,2	1200,2	1200,2	甜椒
REE
REP	16	7	29	19	15	43	18	18	0	578127513	146884096	1200,2	1200,2	0,2
RES	1	1200,2	1	1	1	0,2	1,0	32	0	0,2	1200,2	1200,2	甜椒
REE
REP	16	8	8	9	47	11	19	19	0	-1988669815	178120195	1200,2	1200,2	0,2
RES	1	1200,2	1	1	1	0,2	1,0	32	0	0,2	1200,2	1200,2	甜椒
REE
REP	17	6	20	21	46	47	20	20	1	-1988669815	178120195	1200,2	1200,2	0,2
RES	1	1200,2	1	1	1	0,2	1,0	32	0	0,2	1200,2	1200,2	甜椒
REE
REP	17	6	22	21	21	1	21	21	1	-1988669815	178120195	700,2	700,2	0,2
RES	1	700,2	4	0	0	0,2	1,0	255	0	0,2	700,2	700,2	梨
REE
REP	17	6	22	21	21	30	22	22	1	-1988669815	178120195	8800,2	8800,2	0,2
RES	1	8800,2	5	0	0	0,2	1,0	255	0	0,2	8800,2	8800,2	猪蹄
REE
REP	17	6	22	21	28	49	23	23	1	-1988669815	178120195	200,2	200,2	0,2
RES	1	200,2	1	0	0	0,2	1,0	255	0	0,2	200,2	200,2	可乐
REE
REP	17	6	27	10	47	26	24	24	0	-1988669815	178120195	200,2	200,2	0,2
RES	1	200,2	1	2	2	0,2	1,0	2	0	0,2	200,2	200,2	可乐
REE
REP	17	6	27	10	47	32	25	25	0	-1988669815	178120195	4500,2	4500,2	0,2
RES	1	4500,2	2	2	2	0,2	1,0	22	0	0,2	4500,2	4500,2	中华烟
REE
REP	17	6	27	10	47	53	26	26	0	-1988669815	178120195	31500,2	31500,2	0,2
RES	1	31500,2	2	2	2	0,2	7,0	22	0	0,2	4500,2	4500,2	中华烟
REE
REP	17	6	27	10	48	38	27	27	0	-1988669815	178120195	1600,2	1600,2	0,2
RES	1	1600,2	1	2	2	0,2	8,0	2	0	0,2	200,2	200,2	可乐
REE
REP	17	6	28	22	12	39	28	28	0	-1988669815	178120195	18,2	18,2	0,2
RES	1	18,2	4	1	1	0,2	25,3	3	0	0,2	700,2	700,2	梨
REE
REP	17	6	28	22	13	25	29	29	0	-1988669815	178120195	500,2	500,2	0,2
RES	1	500,2	3	1	1	0,2	1,0	2	0	0,2	500,2	500,2	苹果
REE
REP	17	7	1	13	22	21	30	30	0	-1988669815	178120195	25,2	25,2	0,2
RES	1	25,2	4	1	1	0,2	35,3	3	0	0,2	700,2	700,2	梨
REE
REP	17	7	8	13	49	45	31	31	0	-1988669815	178120195	200,2	200,2	0,2
RES	1	200,2	1	2	2	0,2	1,0	2	0	0,2	200,2	200,2	可乐
REE
REP	17	7	22	14	5	9	32	32	0	577621557	409480704	18,2	18,2	0,2
RES	1	18,2	2	1	1	0,2	14,3	3	0	0,2	1200,2	1200,2	病理性废物
REE
REP	17	7	22	14	5	34	33	33	0	-1988669815	178120195	48,2	48,2	0,2
RES	1	48,2	5	1	1	0,2	39,3	3	0	0,2	1200,2	1200,2	化学性废物
REE
REP	17	7	22	14	5	49	34	34	0	-1988669815	178120195	90,2	90,2	0,2
RES	1	90,2	3	1	1	0,2	75,3	3	0	0,2	1200,2	1200,2	损失性废物
REE
REP	17	7	22	14	5	55	35	35	0	-1988669815	178120195	114,2	114,2	0,2
RES	1	114,2	1	1	1	0,2	95,3	3	0	0,2	1200,2	1200,2	感染性废物
REE
REP	17	7	22	15	2	0	36	36	0	-1988669815	178120195	16,2	16,2	0,2
RES	1	16,2	1	1	1	0,2	155,3	3	0	0,2	100,2	100,2	感染性废物
REE
REP	17	7	22	15	2	31	37	37	0	-1988669815	178120195	9,2	9,2	0,2
RES	1	9,2	9	1	1	0,2	85,3	3	0	0,2	100,2	100,2	药物性废物
REE
REP	17	7	22	15	12	39	38	38	0	-1988669815	178120195	100,2	100,2	0,2
RES	1	100,2	3	1	1	0,2	1,0	2	0	0,2	100,2	100,2	损失性废物
REE
REP	17	7	22	15	12	51	39	39	0	705495039	26922216	100,2	100,2	0,2
RES	1	100,2	6	1	1	0,2	1,0	2	0	0,2	100,2	100,2	感染性废物
REE
REP	17	7	22	16	39	28	40	40	0	577621557	409480704	5,2	5,2	0,2
RES	1	5,2	7	1	1	0,2	25,3	3	0	0,2	200,2	200,2	病理性废物
REE
REP	17	7	23	11	28	20	41	41	0	-1988669815	178120195	144,2	144,2	0,2
RES	1	144,2	2	1	1	0,2	1440,3	3	0	0,2	100,2	100,2	病理性废物
REE
REP	17	7	23	11	28	31	42	42	0	-1988669815	178120195	143,2	143,2	0,2
RES	1	143,2	5	1	1	0,2	1430,3	3	0	0,2	100,2	100,2	化学性废物
REE
REP	17	7	23	11	32	8	43	43	0	-1988669815	178120195	143,2	143,2	0,2
RES	1	143,2	1	1	1	0,2	1430,3	3	0	0,2	100,2	100,2	感染性废物
REE
REP	17	7	23	11	42	42	44	44	0	-1988669815	178120195	861,2	861,2	0,2
RES	1	861,2	26	6	6	0,2	1230,3	3	0	0,2	700,2	700,2	感染性废物
REE
END	REP
